0, 0, 0, 0, 0.02727272727272727, 0.08603448275862069, 0, 0.018518518518518517, 0, 0, 0, 0, 0, 0, 0, 0, 0, 0, 0, 0, 0, 0, 0, 0, 0, 0, 0, 0, 0, 0, 0, 0, 0, 0, 0, 0, 0, 0, 0, 0, 0, 0, 0, 0, 0, 0, 0, 0, 0, 0
0, 0, 0, 0, 0, 0, 0, 0, 0, 0, 0, 0, 0, 0, 0, 0, 0.7833333333333333, 0, 0, 0, 0, 0, 0, 0, 0, 0, 0, 0, 0, 0, 0.012903225806451613, 0, 0, 0.026650563607085346, 0.05263157894736842, 0, 0, 0, 0, 0, 0, 0, 0, 0, 0, 0, 0, 0, 0, 0
0, 0, 0, 0, 0.02962962962962963, 0, 0, 0.024999999999999998, 0, 0, 0, 0, 0, 0, 0, 0, 0, 0, 0, 0, 0, 0, 0, 0, 0, 0, 0.06522556390977444, 0.18, 0, 0, 0.049999999999999996, 0, 0, 0, 0, 0, 0, 0, 0, 0, 0, 0, 0.014705882352941176, 0, 0, 0, 0, 0, 0, 0
0, 0, 0, 0, 0.018604651162790697, 0, 0.8425806451612904, 0.03333333333333333, 0, 0, 0, 0, 0, 0, 0, 0, 0, 0.6, 0, 0, 0, 0.03571428571428571, 0, 0, 0, 0, 0, 0, 0, 0, 0, 0, 0, 0, 0, 0, 0, 0, 0, 0, 0, 0, 0, 0, 0, 0, 0, 0, 0, 0
0.05571002979145978, 0, 0.07608695652173914, 0, 0, 0, 0, 0, 0, 0, 0, 0.0512987012987013, 0, 0, 0, 0, 0, 0, 0, 0, 0, 0, 0, 0, 0, 0, 0, 0, 0, 0, 0, 0, 0, 0, 0.018181818181818184, 0, 0.0625, 0, 0, 0, 0, 0, 0, 0, 0, 0, 0, 0, 0, 0
0.02857142857142857, 0, 0, 0, 0, 0, 0, 0.01951219512195122, 0, 0, 0, 0, 0, 0.10125, 0, 0, 0, 0, 0, 0, 0, 0, 0, 0, 0, 0, 0, 0, 0, 0.0875, 0, 0, 0, 0, 0, 0, 0, 0, 0, 0, 0.03333333333333333, 0, 0, 0, 0, 0, 0, 0, 0, 0
0, 0, 0, 0, 0, 0, 0, 0, 0, 0, 0, 0.047619047619047616, 0, 0, 0, 0, 0, 0, 0, 0, 0, 0, 0, 0, 0, 0, 0.07756410256410257, 0.421875, 0, 0, 0, 0, 0, 0, 0.04166666666666667, 0, 0, 0, 0, 0, 0, 0, 0, 0, 0, 0, 0, 0, 0, 0
0.0605921855921856, 0, 0.01818181818181818, 0.056084656084656084, 0, 0.09999999999999999, 0, 0, 0, 0, 0, 0, 0, 0.024, 0, 0, 0, 0, 0, 0, 0, 0, 0, 0, 0, 0, 0, 0, 0, 0, 0, 0, 0, 0, 0, 0, 0, 0, 0, 0, 0, 0, 0, 0, 0, 0, 0, 0, 0, 0
0, 0, 0, 0, 0, 0, 0, 0, 0, 0, 0, 0, 0, 0, 0, 0, 0, 0.046000000000000006, 0, 0, 0.053238866396761134, 0, 0, 0, 0.1010540184453228, 0, 0, 0, 0, 0, 0, 0, 0, 0, 0, 0, 0, 0, 0, 0.011538461538461537, 0, 0, 0, 0, 0, 0, 0.03320197044334976, 0, 0, 0
0, 0.9649895178197065, 0, 0, 0, 0, 0, 0, 0, 0, 0, 0, 0, 0, 0, 0, 0.08888888888888889, 0, 0, 0, 0, 0, 0.012499999999999999, 0, 0, 0, 0, 0, 0, 0, 0, 0, 0, 0, 0, 0, 0.02, 0, 0, 0, 0, 0, 0, 0, 0, 0, 0, 0, 0, 0
0, 0, 0, 0, 0, 0, 0, 0, 0, 0, 0, 0, 0, 0, 0, 0.051960784313725486, 0, 0, 0, 0, 0.041951219512195125, 0, 0, 0, 0, 0, 0, 0, 0, 0, 0, 0, 0, 0, 0, 0, 0, 0.024999999999999998, 0, 0, 0.06923076923076923, 0, 0, 0, 0, 0.035606060606060606, 0, 0, 0, 0
0, 0, 0, 0, 0.09183006535947713, 0, 0, 0, 0, 0, 0, 0, 0, 0, 0, 0, 0, 0, 0, 0, 0, 0.021739130434782608, 0, 0, 0, 0, 0, 0, 0, 0, 0, 0, 0, 0, 0.013888888888888888, 0, 0, 0, 0, 0, 0, 0, 0.08883022603530771, 0, 0, 0, 0, 0, 0, 0
0, 0, 0, 0, 0, 0, 0, 0, 0, 0, 0, 0, 0, 0, 0, 0, 0, 0.038844086021505374, 0, 0, 0, 0, 0, 0, 0, 0.1142857142857143, 0, 0, 0, 0, 0, 0, 0, 0, 0, 0.05235722471758149, 0, 0, 0, 0, 0, 0, 0, 0, 0, 0, 0, 0, 0, 0
0, 0, 0, 0, 0, 0.03, 0, 0.16319272125723738, 0, 0, 0, 0, 0, 0, 0, 0, 0, 0, 0, 0, 0, 0, 0, 0, 0, 0, 0, 0, 0, 0, 0, 0, 0, 0, 0, 0, 0, 0.06662980981866432, 0, 0, 0, 0, 0, 0.08544251447477254, 0, 0, 0, 0, 0, 0
0, 0, 0, 0, 0, 0, 0, 0, 0, 0, 0, 0, 0, 0, 0, 0, 0, 0, 0, 0.13037694013303772, 0, 0.1, 0, 0, 0, 0, 0, 0, 0, 0, 0, 0.05171281472181156, 0, 0, 0, 0, 0, 0, 0, 0, 0, 0, 0, 0, 0, 0, 0.015555555555555555, 0.08745382210855357, 0, 0
0, 0, 0, 0, 0, 0, 0, 0, 0, 0, 0.010769230769230769, 0, 0, 0, 0, 0, 0, 0, 0, 0.057864489375453965, 0, 0, 0, 0.10350263771316404, 0, 0, 0, 0, 0, 0, 0, 0, 0, 0, 0, 0, 0, 0, 0, 0, 0, 0, 0, 0, 0, 0, 0.03125, 0, 0, 0
0, 0, 0, 0, 0, 0, 0, 0, 0, 0, 0, 0, 0, 0, 0, 0, 0, 0, 0.010869565217391304, 0, 0, 0, 0, 0, 0, 0, 0, 0, 0, 0.3, 0, 0.1657142857142857, 0, 0, 0, 0, 0, 0, 0, 0, 0, 0, 0, 0.5166666666666666, 0, 0, 0, 0, 0, 0
0, 0, 0, 0.03461538461538462, 0, 0, 0, 0, 0.03852631578947368, 0, 0, 0, 0.0315751960085531, 0, 0, 0, 0, 0, 0.30892857142857144, 0, 0.13333333333333333, 0, 0, 0, 0, 0, 0, 0, 0, 0, 0, 0, 0, 0.009523809523809523, 0, 0, 0, 0, 0, 0, 0, 0, 0, 0, 0, 0, 0, 0, 0, 0
0, 0, 0, 0, 0, 0, 0, 0, 0, 0, 0, 0, 0, 0, 0, 0, 0.5084745762711864, 0.18222222222222223, 0, 0, 0, 0, 0, 0.010638297872340425, 0.07714314194577351, 0, 0, 0, 0, 0, 0.016666666666666666, 0, 0, 0, 0, 0, 0, 0, 0, 0, 0, 0, 0, 0, 0.22770408163265304, 0, 0, 0, 0, 0
0, 0, 0, 0, 0, 0, 0, 0, 0, 0, 0, 0, 0, 0, 0.02784090909090909, 0.054485887096774197, 0, 0, 0, 0, 0, 0, 0, 0, 0, 0, 0.10671528226675285, 0, 0, 0, 0, 0, 0, 0, 0, 0, 0, 0, 0, 0, 0, 0, 0, 0, 0, 0, 0, 0, 0, 0
0, 0, 0, 0, 0, 0, 0, 0, 0.011764705882352941, 0, 0.025925925925925925, 0, 0, 0, 0, 0, 0, 0, 0, 0, 0, 0, 0, 0, 0, 0, 0, 0, 0, 0, 0, 0, 0, 0, 0, 0, 0.18032212885154061, 0, 0, 0, 0, 0, 0, 0, 0, 0, 0, 0, 0, 0
0, 0, 0, 0.04416666666666666, 0, 0, 0, 0, 0, 0, 0, 0, 0, 0, 0.06450036425449247, 0, 0, 0, 0, 0, 0, 0, 0, 0, 0.09, 0, 0, 0, 0.047058823529411764, 0, 0, 0, 0, 0, 0, 0, 0, 0, 0, 0, 0, 0, 0, 0, 0, 0, 0, 0, 0, 0
0, 0, 0, 0, 0, 0, 0, 0, 0, 0.022381342062193124, 0, 0, 0, 0, 0, 0.05701415701415702, 0, 0, 0, 0, 0, 0, 0, 0, 0, 0, 0, 0, 0, 0.08542857142857142, 0, 0, 0.0475, 0, 0, 0, 0.012244897959183673, 0, 0, 0, 0, 0, 0, 0, 0, 0, 0, 0, 0, 0
0, 0, 0, 0, 0, 0, 0, 0, 0, 0, 0, 0, 0, 0.06636155606407323, 0, 0.031231884057971015, 0, 0, 0.05109265734265734, 0, 0, 0, 0, 0, 0, 0, 0, 0, 0, 0, 0, 0, 0.01509433962264151, 0, 0, 0, 0, 0, 0, 0, 0, 0, 0, 0, 0, 0, 0, 0, 0, 0
0, 0, 0, 0, 0, 0, 0, 0, 0, 0, 0, 0.041176470588235294, 0, 0, 0, 0, 0, 0, 0.02092838196286472, 0, 0, 0, 0, 0, 0, 0, 0, 0, 0.624927536231884, 0, 0, 0, 0, 0, 0, 0, 0, 0.0937584803256445, 0, 0, 0, 0, 0, 0, 0, 0, 0, 0, 0, 0
0, 0, 0, 0, 0, 0, 0, 0, 0, 0, 0, 0, 0.03166666666666667, 0, 0, 0, 0, 0, 0, 0, 0, 0, 0, 0, 0, 0, 0, 0.09728682170542635, 0, 0, 0, 0, 0, 0.8383333333333333, 0, 0, 0, 0, 0, 0, 0, 0, 0, 0, 0, 0, 0, 0, 0, 0
0, 0, 0.06899766899766899, 0, 0, 0, 0.017142857142857144, 0, 0, 0, 0, 0, 0, 0, 0, 0, 0, 0, 0, 0.00923076923076923, 0, 0, 0, 0, 0, 0, 0, 0, 0, 0, 0.011627906976744186, 0, 0, 0.05714285714285715, 0, 0, 0, 0, 0, 0.08106237816764132, 0, 0, 0, 0, 0, 0, 0, 0, 0, 0
0, 0, 0.013636363636363636, 0, 0, 0, 0.025714285714285714, 0, 0, 0, 0, 0, 0, 0, 0, 0, 0, 0, 0, 0, 0, 0, 0.022847399829497017, 0, 0, 0.15641646489104116, 0, 0, 0, 0, 0, 0, 0.09264069264069263, 0, 0, 0, 0, 0, 0, 0, 0, 0, 0, 0, 0.26666666666666666, 0, 0, 0, 0, 0
0, 0, 0, 0, 0, 0, 0, 0, 0, 0, 0, 0, 0, 0, 0, 0, 0, 0, 0, 0, 0, 0.030783410138248847, 0, 0, 0, 0, 0, 0, 0, 0, 0, 0, 0, 0, 0, 0, 0, 0, 0, 0, 0.25, 0, 0.06985915492957746, 0, 0, 0, 0, 0, 0, 0.12136752136752138
0, 0, 0, 0, 0, 0.03333333333333333, 0, 0, 0, 0, 0, 0, 0, 0, 0, 0, 0, 0, 0, 0, 0, 0, 0.06701298701298701, 0, 0, 0, 0, 0, 0, 0, 0, 0, 0, 0, 0, 0, 0.23872549019607844, 0, 0, 0, 0, 0.06777777777777777, 0, 0, 0, 0, 0, 0, 0, 0.07777777777777778
0, 0.12, 0.23076923076923078, 0, 0, 0, 0, 0, 0, 0, 0, 0, 0, 0, 0, 0, 0, 0, 0.05936507936507936, 0, 0, 0, 0, 0, 0, 0, 0, 0, 0, 0, 0, 0, 0, 0, 0, 0, 0, 0, 0, 0, 0, 0, 0, 0.02772727272727273, 0.027272727272727275, 0, 0, 0, 0, 0
0, 0, 0, 0, 0, 0, 0, 0, 0, 0, 0, 0, 0, 0, 0.155106357694593, 0, 0, 0, 0, 0, 0, 0, 0, 0, 0, 0, 0, 0, 0, 0, 0, 0, 0.12491357704606343, 0, 0, 0, 0, 0, 0, 0, 0, 0, 0, 0, 0, 0, 0, 0, 0, 0
0, 0, 0, 0, 0, 0, 0, 0, 0, 0.020588235294117647, 0, 0, 0, 0, 0, 0, 0, 0, 0, 0, 0, 0, 0.04422657952069717, 0.05512022073314939, 0, 0, 0, 0.013793103448275864, 0, 0, 0, 0.08906641604010025, 0, 0, 0, 0, 0, 0, 0, 0, 0, 0, 0, 0, 0, 0, 0.06666666666666667, 0, 0, 0
0, 0.36311475409836064, 0, 0, 0, 0, 0, 0, 0, 0, 0, 0, 0, 0, 0, 0, 0, 0.019805194805194805, 0, 0, 0, 0, 0, 0, 0, 0.03227551388388027, 0.009375, 0, 0, 0, 0, 0, 0, 0, 0, 0, 0, 0.16444444444444445, 0, 0, 0, 0, 0, 0, 0, 0, 0, 0, 0, 0
0, 0.017777777777777778, 0, 0, 0.06666666666666667, 0, 0.11363636363636363, 0, 0, 0, 0, 0.016216216216216217, 0, 0, 0, 0, 0, 0, 0, 0, 0, 0, 0, 0, 0, 0, 0, 0, 0, 0, 0, 0, 0, 0, 0, 0, 0, 0, 0, 0, 0, 0, 0, 0, 0, 0, 0, 0, 0, 0.03783783783783784
0, 0, 0, 0, 0, 0, 0, 0, 0, 0, 0, 0, 0.17006892895015907, 0, 0, 0, 0, 0, 0, 0, 0, 0, 0, 0, 0, 0, 0, 0, 0, 0, 0, 0, 0, 0, 0, 0, 0, 0, 0, 0, 0.03683333333333333, 0, 0, 0, 0, 0, 0, 0, 0, 0
0, 0, 0, 0, 0.04304029304029304, 0, 0, 0, 0, 0.1588235294117647, 0, 0, 0, 0, 0, 0, 0, 0, 0, 0, 0.012, 0, 0.08652852315643013, 0, 0, 0, 0, 0, 0, 0, 0, 0, 0, 0, 0, 0, 0, 0, 0, 0, 0, 0, 0, 0, 0, 0, 0, 0.19346153846153846, 0, 0
0, 0, 0, 0, 0, 0, 0, 0, 0.12777777777777777, 0, 0.075, 0, 0, 0, 0, 0, 0, 0, 0, 0, 0, 0.07413793103448277, 0, 0, 0.032454361054766734, 0, 0, 0, 0, 0, 0, 0, 0, 0.015517241379310345, 0, 0, 0, 0, 0, 0, 0, 0, 0, 0, 0, 0, 0, 0, 0, 0
0, 0, 0, 0, 0, 0, 0, 0, 0, 0, 0, 0, 0, 0, 0, 0, 0, 0, 0, 0, 0, 0, 0, 0, 0, 0, 0, 0, 0, 0, 0, 0, 0, 0.010909090909090908, 0, 0, 0, 0, 0, 0, 0, 0.0595921617198213, 0, 0, 0, 0, 0.05195094760312152, 0, 0, 0
0, 0, 0, 0, 0, 0, 0, 0, 0.033823529411764704, 0, 0, 0, 0, 0, 0, 0, 0, 0, 0, 0, 0, 0, 0, 0, 0, 0, 0, 0, 0, 0, 0, 0, 0, 0, 0, 0, 0, 0, 0, 0, 0, 0, 0, 0, 0, 0.08927641974161168, 0, 0, 0, 0
0, 0, 0, 0, 0, 0.041666666666666664, 0, 0, 0, 0, 0.04621461487820935, 0, 0, 0, 0, 0.01568627450980392, 0, 0, 0, 0, 0, 0, 0, 0, 0, 0, 0, 0, 0.0642857142857143, 0, 0, 0, 0, 0, 0, 0.21348484848484847, 0, 0, 0, 0, 0, 0, 0, 0, 0, 0, 0, 0, 0, 0
0, 0, 0, 0, 0, 0, 0, 0.021052631578947368, 0, 0, 0.06, 0, 0, 0, 0, 0, 0, 0, 0, 0, 0, 0, 0, 0, 0, 0, 0, 0, 0, 0.063260582010582, 0, 0, 0, 0, 0, 0, 0, 0, 0, 0, 0, 0, 0, 0, 0, 0, 0, 0.02702702702702703, 0, 0
0, 0, 0, 0, 0, 0, 0, 0, 0, 0, 0, 0.07053571428571428, 0, 0, 0, 0, 0, 0, 0, 0, 0, 0, 0, 0, 0, 0, 0, 0, 0, 0, 0, 0, 0, 0, 0, 0, 0, 0, 0, 0, 0.08552954292084727, 0, 0, 0, 0, 0, 0, 0, 0, 0
0, 0, 0, 0, 0, 0, 0, 0, 0, 0, 0, 0, 0, 0.1864903721051262, 0, 0, 0.011111111111111112, 0, 0, 0, 0, 0, 0, 0, 0, 0, 0, 0, 0, 0, 0.310125, 0, 0, 0, 0, 0, 0, 0, 0, 0, 0, 0, 0, 0, 0, 0, 0, 0, 0, 0
0, 0, 0, 0, 0, 0, 0, 0, 0, 0, 0, 0, 0, 0, 0, 0, 0, 0, 1.2919487655568744, 0, 0, 0, 0, 0, 0, 0, 0, 0.036470588235294116, 0, 0, 0.15, 0, 0, 0, 0, 0, 0, 0, 0, 0, 0, 0, 0, 0, 0, 0, 0, 0.017073170731707315, 0, 0
0, 0, 0, 0, 0, 0, 0, 0, 0, 0, 0.017241379310344827, 0, 0, 0, 0, 0, 0, 0, 0, 0, 0, 0, 0, 0, 0, 0, 0, 0, 0, 0, 0, 0, 0, 0, 0, 0, 0, 0, 0.0689693545625749, 0.034690185436454093, 0, 0, 0, 0, 0, 0, 0, 0, 0, 0
0, 0, 0, 0, 0, 0, 0, 0, 0.04766949152542373, 0, 0, 0, 0, 0, 0.0125, 0, 0, 0, 0, 0, 0, 0, 0, 0, 0, 0, 0, 0, 0, 0, 0, 0, 0.030303030303030304, 0, 0, 0, 0, 0, 0.03743961352657005, 0, 0, 0, 0, 0, 0, 0, 0, 0, 0, 0.06
0, 0, 0, 0, 0, 0, 0, 0, 0, 0, 0, 0, 0, 0, 0.1534090909090909, 0, 0, 0, 0, 0, 0, 0, 0, 0, 0, 0, 0, 0, 0, 0, 0, 0, 0, 0, 0, 0, 0.049999999999999996, 0, 0, 0, 0, 0.05166908563134978, 0, 0, 0.01730769230769231, 0, 0, 0, 0.25796733427591395, 0
0, 0, 0, 0, 0, 0, 0, 0, 0, 0, 0, 0, 0, 0, 0, 0, 0, 0, 0, 0, 0, 0, 0, 0, 0, 0, 0, 0, 0, 0, 0, 0, 0, 0, 0, 0, 0, 0, 0, 0, 0, 0, 0, 0, 0, 0, 0, 0.21215819064656274, 0, 0
0, 0, 0, 0, 0, 0, 0, 0, 0, 0, 0, 0, 0, 0, 0, 0, 0, 0, 0, 0, 0, 0, 0, 0, 0, 0, 0, 0, 0, 0.042105263157894736, 0, 0, 0, 0, 0.1414285714285714, 0, 0, 0, 0.0368421052631579, 0, 0, 0, 0, 0, 0, 0, 0, 0.05454545454545454, 0, 0
